514
584
449
692
276
155
-609
-67
-43
-391
708
898
447
-688
-986
-510
339
-122
944
498
436
222
-104
-601
517
184
-996
285
527
392
-648
-124
-106
-545
911
-915
615
-634
-993
-586
239
8
-320
323
253
-317
312
118
-878
287
-346
781
916
-673
-864
479
-650
58
658
-295
-175
117
-590
760
690
-436
230
-89
181
557
-783
445
242
-774
707
-747
567
-163
993
118
-50
-754
82
-185
329
136
-491
694
-534
909
172
-596
-739
747
544
-202
-166
-192
-413
-96
-520
-464
238
749
827
-422
488
441
499
-917
-958
658
-849
-27
-853
-595
-479
-145
-863
-182
-977
162
35
888
843
-744
707
-151
65
-706
617
-514
-898
307
924
-409
259
-518
-488
-343
-161
662
995
825
45
-584
145
536
915
-354
-197
-987
-755
-284
185
30
-918
688
-389
898
483
635
-149
-984
311
-455
848
-20
-417
-845
155
215
813
-74
-252
550
891
-287
924
908
-677
-653
879
-122
-927
-808
-589
646
-979
472
-44
521
-931
-552
959
334
-815
604
-738
823
-472
-771
-39
476
826
425
325
394
-113
-457
638
-266
557
-285
-934
842
-524
-10
373
-169
144
529
699
-352
-271
-839
940
-561
-699
125
506
-238
-558
369
-57
333
-227
-198
-800
651
677
-603
-466
163
-76
358
123
-441
-45
-630
439
914
-109
-904
-436
802
603
688
713
33
970
-392
-10
832
322
-710
990
-920
-459
388
-917
386
892
-124
-186
148
232
813
186
82
-905
-667
214
-392
186
801
533
-397
112
436
-86
-451
977
-439
740
779
4
-663
-548
-135
-752
-448
614
222
985
1000
-374
582
285
-585
-388
493
705
-542
-673
771
-495
-55
-164
979
-838
-458
-919
122
928
-584
-55
755
243
190
81
-11
-108
853
858
-501
484
141
-960
254
-278
-486
-612
-870
566
331
273
-913
-74
-29
-781
-951
-507
-59
-907
632
93
-708
760
670
-271
487
-663
-141
-144
-491
-408
940
-727
-70
-938
-881
707
-917
-53
520
-871
96
-831
959
-291
-466
-326
402
-711
-862
111
619
846
702
-486
-602
-28
-843
-747
-546
-535
-266
330
-120
-160
324
-376
-19
34
-165
957
-21
107
-783
427
-536
-520
-926
-968
-266
863
-492
-791
-168
-965
-385
717
-955
997
867
-250
-993
-670
-503
-485
126
-688
-663
741
894
66
898
-87
186
283
-887
-524
-503
-92
-787
349
-960
-888
-102
-337
-939
-105
-171
-406
106
-752
-481
514
-669
983
616
-891
-52
291
-671
840
-714
803
381
-252
24
-265
-849
965
-979
540
-102
824
-500
-901
-466
630
-793
114
449
969
-835
-258
-830
581
384
782
-122
-549
47
-627
-722
-896
-926
-201
-218
235
-926
245
974
767
492
136
471
-54
-320
-639
-685
-898
191
-65
353
641
431
-607
-816
-787
-936
506
-9
629
696
-910
-20
-941
-885
924
-286
939
-427
463
9
-980
-785
339
-728
470
-172
220
788
-557
-27
-481
935
-483
125
20
-680
-452
759
-737
842
-109
161
888
615
890
780
715
411
720
149
-864
-74
346
-850
-663
-26
-646
-758
959
-461
-459
-526
-661
-88
-908
-504
-812
512
-983
488
-503
453
280
-412
528
-912
-590
-677
824
-748
-435
-762
-321
-544
1000
714
-290
322
-205
-682
-772
-971
-888
-209
-837
657
230
408
486
397
570
-644
-674
462
801
-957
-676
-17
488
-673
366
653
965
167
569
770
-262
743
271
-938
-84
-696
-918
526
-777
232
-28
-643
930
-46
420
-660
-73
-624
646
792
359
-926
527
-887
-282
270
371
-391
-58
-46
-130
-950
719
-387
-177
-163
83
-180
491
-41
-104
-635
-265
-184
-218
669
663
55
-170
567
705
432
418
176
336
48
479
975
-201
-803
-890
270
-643
-798
-377
-399
-69
590
-606
919
-416
-853
-737
-122
836
491
204
-725
-203
-511
-958
621
-987
-595
-594
800
-513
-710
526
882
474
-364
-241
-424
98
-783
-4
-616
139
661
749
-924
542
-534
533
-277
-419
-471
-409
684
-660
192
437
156
-723
350
486
806
243
188
-80
-721
730
534
-411
-821
748
-895
-571
-103
609
132
80
339
-111
52
176
-68
-711
-671
-794
-409
194
250
-572
782
-493
113
506
-200
72
-610
-765
252
479
-598
683
-992
-265
239
249
-591
251
618
-134
623
370
-391
-859
394
625
382
160
317
-385
-907
-443
533
-615
738
390
-92
-382
-376
185
244
192
23
890
-272
84
246
-15
410
-546
-697
-181
-480
138
168
378
-111
-106
-722
-828
224
-329
-381
-875
81
-850
516
-282
906
791
-836
711
-615
156
625
-673
312
55
-688
817
-21
499
-361
36
480
-540
856
-338
37
755
-434
232
940
590
438
-909
-698
-768
-73
-946
-137
-106
761
446
529
421
-665
-357
-727
-935
210
-437
-570
-525
-223
-881
653
-591
-28
947
-901
753
-978
-540
-196
-703
53
-684
576
885
814
-652
952
-965
-935
974
-536
940
396
-41
-265
162
955
-664
250
798
-635
-362
298
-88
976
384
-551
919
430
-935
193
-311
32
66
-370
-447
594
986
117
-306
432
642
-891
129
-127
508
682
-165
203
-595
-980
-908
-697
-471
-572
837
-423
-68
587
-516
-972
-852
906
917
-841
-377
-28
-807
-876
926
-714
928
-645
-860
-89
706
-66
-107
-903
334
-448
535
-675
-833
352
338
776
583
-986
-162
-580
-958
-504
844
-722
